Offspring,OM,IVD,CP,LDM,RC,PLB
1,90.910743,61.933685,13.61826,193.617084,1.535573,76.40178
3,90.680963,61.037762,12.653534,214.43594,1.756454,73.177298
4,90.886854,59.976313,11.983336,210.5121,2.134006,71.640266
5,91.379125,60.413459,12.04523,211.295393,1.902449,73.158477
6,90.970909,60.52676,12.449674,204.69821,2.113776,77.409416
7,91.586862,60.842983,12.950576,208.941711,1.606475,71.174354
8,91.065163,59.599295,12.452379,215.685231,2.38852,75.078038
9,90.88242,60.653912,12.904466,209.687678,2.2139,78.833509
10,89.687434,59.581361,13.790346,204.252996,1.451003,79.948296
11,91.393152,60.096016,11.996129,205.278977,1.337175,71.512728
12,90.23565,60.343335,12.753912,217.225238,2.103733,71.656503
13,91.036351,58.048397,12.307752,216.041943,2.164317,79.092113
14,90.619823,60.35987,12.425647,211.716542,2.422713,74.897445
15,91.085451,61.655956,13.439802,206.404797,1.480586,73.134365
16,90.661303,60.771503,12.373853,204.925094,0.897522,75.299017
17,90.774966,60.444393,12.812895,208.345388,2.149175,75.831039
18,91.929802,60.422551,12.062594,210.712275,0.561785,65.725917
19,90.45496,61.813328,13.856706,207.03537,1.548114,67.593048
20,90.096733,59.185117,12.451721,213.859644,1.743637,73.939774
22,90.780409,61.050655,12.442347,192.628113,2.661109,73.213521
23,90.976628,60.378917,13.001647,215.760499,1.843328,72.680806
24,90.904296,59.621758,12.557778,216.799262,1.80134,78.944741
25,90.747864,60.434986,11.989044,215.921426,2.744323,76.813206
26,90.700391,59.646259,11.285208,206.276853,2.445733,75.983595
28,91.126719,59.987562,12.644976,225.596701,1.815299,73.146224
29,90.309072,62.115027,12.72676,214.297025,2.025336,76.764028
30,90.547988,59.860094,12.692701,214.549817,2.226827,76.259535
31,90.651471,59.859773,12.492905,203.634657,1.883455,80.60414
32,90.372545,62.080613,13.022053,193.867523,2.763339,74.949892
33,90.442675,60.554005,13.158743,204.898412,1.511294,76.521239
34,91.030417,61.431911,12.863517,212.944775,2.001854,74.016873
35,90.343378,60.663518,12.596996,208.777347,2.337507,79.769734
37,90.907478,59.811866,12.169225,237.23778,2.734858,76.636282
39,90.247159,59.978223,12.873007,229.614126,1.096257,70.253522
40,90.419757,59.620531,12.564793,199.112757,2.75806,79.090209
41,90.788339,61.120527,12.566377,193.444056,2.316341,73.338371
43,90.449586,60.605113,12.90552,219.638832,1.662973,76.671703
44,90.435267,59.665931,12.66057,212.923337,1.997112,75.950278
45,91.338315,59.024357,12.276803,209.500474,1.203609,71.356125
46,91.178459,59.729636,13.153209,210.578359,2.035061,73.423187
47,90.177074,61.808665,13.379699,203.010082,2.370284,73.446743
48,90.415252,60.370582,12.744756,210.048097,2.091782,72.142799
49,90.772847,59.603196,11.885479,205.122159,2.18243,76.923361
50,91.217753,61.606638,13.236327,221.286785,1.315259,69.099442
51,91.34149,59.978907,12.029162,212.017447,1.985224,76.330097
52,90.855394,60.527282,12.510453,208.81761,0.765723,66.937194
53,90.628102,59.21909,12.871993,203.255393,2.15855,73.23561
54,91.452826,60.584607,12.750737,211.652774,0.978364,77.346273
55,91.41495,60.886366,12.983728,210.061599,1.716185,77.259969
56,90.771784,60.53752,13.400779,194.767775,2.272082,81.693403
57,90.755091,59.37756,12.802526,220.840707,2.596927,75.98883
58,90.605674,60.673628,12.155273,215.679154,2.114892,73.53896
59,91.353727,58.49686,12.235565,218.205742,1.972449,74.226396
60,90.854276,59.772796,12.754791,215.69056,1.893559,73.989727
61,90.373142,61.746778,12.971773,216.665349,1.933249,74.582651
62,90.372598,59.557027,12.678635,221.695603,0.62473,73.892932
63,91.044066,59.635691,11.980793,192.794282,2.356161,80.34573
64,90.548481,62.239195,13.837814,219.816928,1.450374,66.514643
65,91.467513,59.124447,12.668894,201.983787,1.693492,73.015609
66,91.430038,58.598553,12.358509,202.219671,2.335177,73.776076
67,91.497789,59.976418,12.368774,206.483779,2.148304,69.236586
68,90.059076,59.836274,12.592287,221.825841,2.017632,77.396385
69,90.86791,61.240383,13.699705,212.184803,2.228491,74.802047
70,90.24705,59.298003,12.846502,216.025763,2.534603,78.270779
71,90.470107,60.661703,12.693256,207.790258,1.848372,72.931468
72,90.444674,60.184704,12.127184,210.508743,1.923325,76.041076
73,90.870656,59.758842,13.130166,209.893018,1.653058,70.079817
74,91.239532,59.843771,12.441959,209.661188,1.303851,71.222237
75,90.254676,59.889727,13.077739,204.348217,1.650884,77.399122
76,90.831872,59.550208,12.737923,198.50196,1.849683,73.626851
77,89.903234,62.703168,13.949822,204.122736,1.988088,81.036662
78,90.816008,59.909117,12.126756,221.001408,2.37796,75.842398
79,90.198118,59.582553,12.313184,218.786212,1.958594,76.041884
80,90.796101,60.264916,12.10774,219.565752,2.484909,75.60307
81,91.015966,59.97108,12.83504,201.79706,2.027207,77.311953
82,90.495861,58.480666,12.431977,218.205419,2.195631,77.522096
83,91.539316,59.795889,12.190576,201.19862,1.638511,72.486891
84,89.934467,60.598567,13.001042,212.203409,2.359858,76.081683
85,91.012066,61.145766,12.247051,214.733046,1.785843,73.449155
86,90.593192,60.235936,13.343387,216.672374,1.115579,74.438204
87,91.261082,58.233104,12.219707,207.054938,1.997731,73.85497
88,91.594329,60.193876,12.64779,207.879859,1.217666,69.126588
89,90.366375,59.891158,12.918932,204.542142,2.087123,81.462649
90,92.001016,60.08223,11.829969,200.965219,1.506455,76.071541
91,92.235099,60.642823,12.349901,202.993023,1.24074,70.452445
92,90.935999,58.498104,12.614387,210.391491,1.771484,79.511707
93,90.515468,58.556329,12.350788,209.111327,2.121026,74.536629
94,90.363955,59.390105,12.025105,219.96452,2.249195,77.068218
95,90.585254,61.134039,12.822686,206.841394,1.784007,75.395583
96,90.162902,59.296373,12.025632,216.622197,2.22547,76.965022
97,91.105,59.437038,12.238725,219.547469,1.778583,76.074347
98,90.967175,60.056495,11.889059,209.43223,1.742737,73.717905
99,90.959494,59.634707,12.30321,206.304636,1.791238,73.68158
100,90.607831,60.892406,13.192018,209.035817,0.655514,78.199927
101,90.821086,61.098133,12.087831,218.306002,2.536748,79.43136
102,90.787965,59.338568,12.062546,208.146769,2.212232,78.156944
103,91.196857,61.024135,12.485945,214.932009,2.611584,77.661563
104,90.31494,60.157188,12.623445,215.742959,2.049261,72.93011
105,91.065582,59.12206,12.286412,224.553472,2.218594,76.383212
106,91.333589,61.233028,12.765977,210.114695,1.190881,73.768896
107,90.422337,60.328456,12.467347,205.751333,2.222994,73.399467
108,92.109316,58.659888,12.250495,206.605001,2.002276,76.315274
109,90.781022,59.964826,12.487703,212.052608,1.233517,69.457317
110,90.026357,60.342751,13.572659,222.788217,1.619923,77.801333
111,90.637079,60.583882,12.776084,201.584267,1.274932,65.415889
112,90.369421,60.493941,12.532904,207.577187,1.884795,71.751552
113,90.954849,60.188252,12.60886,209.697175,2.007153,70.079816
114,91.549306,60.270197,12.263445,208.248075,1.723466,76.461744
115,90.728211,59.797526,13.400101,203.916221,1.634577,70.300068
116,90.633333,60.764023,13.348945,204.009529,2.369924,74.797911
117,91.776558,61.527681,13.630463,209.45169,1.40685,76.555081
118,90.736398,61.330573,12.515335,207.100057,2.643436,78.883685
119,90.278832,60.804444,13.404993,199.683099,1.708005,70.434723
120,91.143237,61.672264,12.704494,213.097821,1.110163,72.765754
121,90.237954,59.699618,12.809482,197.097783,1.430513,65.226661
122,90.745467,59.927928,12.400542,213.999828,2.764804,79.114028
123,91.185836,59.51219,12.59567,219.590075,1.561193,73.354139
124,91.890873,61.771189,13.297656,217.323392,0.919696,73.111332
125,90.757205,60.422524,12.992613,207.317152,1.504817,74.426398
126,90.645947,60.410968,13.078382,212.529651,2.198605,72.299636
127,89.73273,60.246539,13.588717,210.835334,1.950381,70.357964
128,91.420203,60.556949,12.779432,201.289921,1.80926,74.878628
129,90.837766,59.60532,11.746626,202.664028,2.113395,74.803826
130,91.342166,60.276628,12.700477,201.658132,1.870508,71.353747
131,91.172147,60.283342,13.018659,210.178326,1.781484,75.873195
132,90.967799,60.554164,13.285578,213.395869,1.373788,70.683673
133,90.72013,60.826768,12.612799,207.292281,1.396386,75.426914
134,91.007361,60.736428,12.810305,211.340705,2.817046,76.387291
135,90.659513,60.270707,12.848454,211.157888,1.402024,69.368614
136,91.519428,59.649587,11.779719,210.690957,1.238978,73.589713
137,90.213956,59.976048,12.391117,201.782561,2.569421,78.226479
139,90.62396,60.721768,12.978534,214.932198,2.223056,76.984572
140,91.527702,59.74336,12.673949,223.783681,2.740177,74.492938
141,91.097956,59.268058,12.812793,210.802032,1.333121,72.331043
142,91.674931,59.821832,11.84276,204.510088,2.468086,78.974222
144,90.116143,60.298932,12.996712,214.704242,2.153943,81.425066
145,91.27657,61.368009,12.792507,229.358722,1.591024,76.340639
146,90.870558,58.983664,12.853958,210.81015,1.302781,75.020332
147,91.155955,60.838866,12.481028,207.008602,2.815146,77.067062
149,90.092669,61.621426,13.261548,217.525871,2.176051,73.182784
150,90.195449,61.24149,12.856152,213.423363,2.56995,75.618265
151,91.126753,60.561294,12.629119,207.138384,2.569491,78.546344
153,90.443646,61.362547,12.82811,199.618281,2.418016,76.273173
154,90.70785,58.094839,12.431133,213.672347,1.744311,75.671198
155,90.933774,59.40845,12.446844,212.536809,2.123489,72.487099
156,91.038244,61.24944,12.990789,219.050079,1.101756,73.036104
157,90.829785,59.938582,12.584073,211.806427,2.887776,74.484829
158,90.708423,59.163603,13.008867,209.37876,2.499645,74.960466
159,90.399999,59.628727,12.087993,204.950136,2.49262,74.738754
160,91.01788,60.416314,12.20772,197.140218,2.648162,77.953867
161,90.687295,59.77619,12.468238,211.797587,1.856597,75.70309
162,90.942787,60.6131,12.809586,217.416802,2.420774,75.482205
163,90.797159,60.723028,13.410051,209.316474,1.417824,74.294531
164,90.831947,59.900117,12.202874,214.709784,2.476468,79.885614
165,91.191931,59.831765,12.781851,199.747342,2.124856,76.948191
166,90.854677,60.263387,12.937593,216.346026,1.411863,69.687085
167,90.289075,59.802455,13.217954,201.082178,1.927681,74.640011
169,90.636818,61.34544,12.863417,209.336889,2.421262,76.090572
170,91.059987,59.986949,12.428552,209.166887,1.888647,76.702688
171,90.493255,61.162165,13.260682,203.299719,2.410317,78.216506
172,90.765553,60.53283,12.947384,211.034436,1.84245,80.312987
173,90.904078,61.436468,12.508902,219.543243,2.392857,79.44967
174,90.995119,60.00939,12.704712,205.04446,2.182723,72.189194
175,91.039147,59.910614,12.570741,214.620636,2.577655,71.370968
176,90.353691,60.045095,12.733645,210.924432,1.748319,79.581928
177,91.457412,59.267313,12.58834,212.050854,1.374351,73.17537
178,90.016048,60.589561,12.872129,210.423139,1.679006,76.623406
179,89.997166,59.555775,12.625921,221.514086,2.156325,73.520532
180,91.426263,60.513614,12.639734,210.881693,0.965357,74.467445
181,90.555847,60.073329,12.206851,245.882381,1.927913,68.476365
182,90.465703,60.4238,12.476019,208.197464,2.594368,76.172806
183,90.973292,58.89425,12.810522,216.075224,1.24308,68.469527
184,90.309978,59.971087,12.652065,218.98566,1.956299,72.784561
185,90.571047,60.633231,13.021511,211.191181,1.721996,74.048526
186,90.040696,60.256239,12.449431,206.546022,2.263103,73.889994
187,89.829877,59.02656,12.536861,220.677575,1.47724,71.429172
188,91.155665,60.421639,12.907108,218.71677,1.628787,67.974231
189,90.387962,61.219181,12.59216,213.553987,1.663145,73.343805
190,90.13617,60.400896,12.716369,225.117677,2.442584,77.834479
191,90.343552,60.769928,12.839892,215.899985,1.748307,76.866949
192,90.99311,60.005986,12.608747,222.11624,1.452506,73.560554
193,91.526018,58.267934,13.019091,218.1237,1.577743,73.260885
194,91.242716,60.920773,12.073953,196.904891,1.37833,74.695278
195,91.261386,60.633894,11.567053,211.076624,2.149086,76.287817
196,90.483838,61.043147,12.264785,194.468366,1.766955,72.735262
197,90.696548,59.273555,12.472124,213.616986,2.2472,75.711514
198,90.223673,61.427122,12.913758,227.091928,1.642943,71.668146
199,90.371349,59.52986,12.176239,213.143732,2.136518,68.370651
200,91.075366,59.439072,12.290808,209.909709,1.796952,75.38335
201,90.855761,59.292659,12.421377,226.833406,2.6597,76.65106
202,91.463394,60.831954,12.569864,223.262932,1.952339,74.434926
203,90.753693,59.342514,12.468135,221.51562,2.245728,75.448573
204,90.876515,59.423523,12.669491,202.83459,2.147324,77.566051
205,89.985714,60.835999,12.222303,213.363141,0.983304,75.659284
206,90.854509,60.434536,12.499533,212.334466,1.29545,77.441599
207,90.395823,58.775769,12.249939,215.19128,2.225747,74.020297
208,91.287335,59.643913,12.776749,215.616154,1.284824,69.791755
209,90.385345,59.955308,12.946599,219.49999,2.793427,77.614126
210,90.81659,60.773081,12.319287,207.646298,1.540214,75.621759
211,91.521837,60.482207,12.099933,229.446942,1.703833,71.362861
212,90.555283,58.999029,13.01108,229.536766,2.31322,70.669507
213,91.465938,58.117613,12.106088,209.97901,2.435264,74.196795
214,90.009707,62.22251,12.993971,208.389526,2.080673,70.873541
217,90.422004,60.404816,13.18526,210.914182,1.639734,74.032559
218,91.69627,59.886141,12.9439,214.870634,1.68859,73.488124
219,90.743657,59.952509,12.419506,222.009079,2.296098,80.237792
220,90.415449,60.270047,12.552764,212.727422,2.866027,78.024455
221,90.755152,61.050169,12.844451,212.577133,1.618509,71.408463
222,91.061491,59.236482,11.730693,211.113003,2.378225,80.895458
223,90.084656,60.103814,12.479611,205.371212,2.392723,74.849341
224,90.887186,59.586866,12.865367,209.388875,1.903011,72.160945
225,90.715065,61.551717,12.643436,215.490043,1.412225,78.40797
226,90.862499,61.392867,12.633266,199.092359,1.699732,72.82889
227,90.848301,61.126303,12.642444,220.099722,1.890459,70.805649
228,90.296522,60.697401,13.117566,207.637741,1.756536,76.575947
229,90.540481,60.417689,12.951704,220.178053,1.83111,76.13642
230,91.003898,60.176263,12.258667,206.105858,1.553363,80.62367
231,90.658027,59.795703,12.917517,211.645959,1.964681,74.059112
232,90.204684,61.244602,13.309497,206.374826,1.024638,75.049134
233,90.59164,59.247035,12.101542,216.073535,1.639049,75.305023
234,89.882559,61.501116,12.406068,214.008593,1.961493,80.272067
235,91.451588,59.852965,12.164857,203.362629,1.412059,74.05758
236,91.430491,58.938232,12.793192,215.411881,2.315987,70.586572
237,91.067438,61.831207,13.715639,210.901345,1.552011,77.53748
238,90.472243,60.328893,13.41554,204.26793,0.974375,66.548315
239,90.56202,59.83459,12.172847,218.416133,2.699013,76.658928
240,90.421803,59.713842,12.404477,207.784864,2.615941,77.375561
241,91.27443,57.774448,11.732242,210.221914,2.559787,79.604179
242,90.157794,60.831949,12.695612,202.045255,2.619433,79.529482
243,91.032455,60.474727,11.955511,209.216052,1.959175,75.503047
244,90.814555,60.537076,12.27447,217.665576,1.904245,73.701695
246,90.199312,58.792219,12.190886,209.933645,2.124247,75.354801
247,91.14268,59.667659,12.461929,201.642922,1.569784,70.946885
249,90.170695,61.878021,13.187524,205.150341,2.119379,77.356418
250,90.572454,60.694785,13.110499,214.795448,2.176266,72.830122
251,90.918679,60.549995,13.178285,215.797112,2.463757,78.206517
252,90.333197,59.563723,13.11686,202.289665,2.607058,80.280574
254,90.055742,63.510102,13.501555,203.610026,0.705909,74.101113
255,89.937165,59.448836,12.701624,209.086507,2.061391,77.542307
256,91.075758,60.839183,13.351405,210.312547,1.346974,73.818177
257,91.093771,60.75393,12.546094,207.565936,0.83484,80.045339
259,91.122523,61.305146,12.848912,204.192573,1.936931,72.95289
260,90.973806,60.839524,12.10589,224.039293,1.750863,73.971593
261,89.951225,60.450918,13.544494,199.2396,2.373588,76.480627
262,91.742094,58.869245,12.209317,220.05628,1.614489,69.038513
263,91.23566,59.833102,13.152823,220.539332,1.269812,76.272195
264,91.336717,61.806348,12.708188,206.681033,1.900483,75.940403
265,90.899066,60.679693,13.184883,219.331459,1.416379,69.971185
266,91.518192,58.272429,12.378604,199.369605,2.19112,75.021048
267,89.944321,63.35619,13.818729,228.145867,1.320519,69.616135
268,90.664768,60.859228,12.957427,197.239767,2.812718,78.359586
269,91.144434,60.507317,12.403485,214.999597,0.915405,74.633911
270,90.992181,60.485463,12.255315,203.668646,2.544197,77.839629
271,91.072801,60.12914,12.784391,217.049833,1.920325,76.038053
272,91.132219,60.956287,12.265797,204.752971,1.690795,78.293055
273,91.230769,60.600943,13.235625,208.220101,2.259154,78.131816
274,90.219918,60.884416,12.331666,210.531087,1.459928,72.267903
275,90.740546,59.405671,12.3198,202.049442,1.819118,77.607052
276,90.940095,60.527564,13.0763,215.310172,1.674931,74.656773
277,90.987856,58.871221,11.702481,216.183652,2.135347,75.401693
278,91.149123,59.88115,12.660386,221.833313,2.945735,77.756172
280,90.592359,61.170146,12.851411,210.739769,2.573015,73.758851
281,90.708562,59.740569,12.918091,209.201572,2.477315,75.224788
282,91.448776,58.589647,12.190703,213.608329,2.050231,76.196662
283,90.435417,60.796791,12.759522,208.387968,2.171446,74.135936
284,91.326228,60.311814,13.210537,208.890942,1.892352,76.024024
286,90.573832,59.103466,12.102093,207.991853,1.579428,71.082823
287,91.206889,60.212832,12.440934,207.853948,1.953666,76.195823
288,89.879325,61.196709,13.140611,208.705805,1.208698,79.164296
289,90.714701,60.645198,12.782466,195.168038,2.234907,75.709631
290,90.215459,59.910501,12.003931,202.757727,2.086414,79.034601
291,89.503937,59.355399,11.696535,219.849551,2.275582,74.75996
293,90.549493,60.445097,12.702091,213.652712,1.639412,75.642085
294,91.686622,58.084367,12.17116,223.439934,1.784902,79.776405
295,90.707857,60.560219,12.877071,211.353353,1.696734,76.568459
296,90.996725,60.503107,12.656897,217.651135,2.14536,77.926586
298,90.956559,60.369441,12.927579,211.628093,1.294266,70.95218
299,90.987967,60.978382,12.957681,200.639329,2.144761,79.037733
300,92.08613,61.591707,12.015443,210.715069,1.751112,75.971114
301,90.838747,60.825352,12.790882,208.461746,0.935201,74.751625
302,91.101181,60.057979,12.565586,212.148665,2.261049,75.164165
303,90.061042,59.570672,12.173153,206.337404,2.155869,78.898969
304,91.763951,59.516279,11.988946,211.440012,1.47781,74.53285
305,90.171227,60.662765,12.815468,219.49836,2.464907,74.903388
306,90.156127,60.080414,12.775894,214.150565,1.783582,76.357783
307,90.344083,61.472622,12.297167,208.536428,2.225965,75.207587
308,91.497925,59.707685,12.511282,213.271074,2.084613,75.064861
309,90.95759,61.574244,13.201492,207.11548,1.080431,69.030536
310,90.168135,61.310627,13.052324,209.760414,2.127643,78.484687
311,91.066823,59.544789,11.526239,212.80574,2.815024,79.858229
312,89.911728,59.350444,12.231669,217.329447,2.096443,71.550549
314,90.930767,60.56624,12.867579,209.50375,1.497351,72.134225
315,90.618348,60.961927,13.416827,202.283646,1.940163,82.647608
316,91.293577,60.934835,12.799464,200.078606,1.046302,68.474925
317,90.253991,59.994626,12.941101,213.91114,2.109644,81.75354
318,90.586003,59.954544,12.597882,210.589112,2.247234,68.883506
319,90.93678,58.8465,11.740059,200.75194,1.574601,75.555378
320,90.764876,60.631024,12.718995,206.606611,1.82365,72.825467
321,90.064044,60.297809,12.298405,212.065979,2.182049,73.544754
322,90.656625,59.775299,12.285616,215.234121,2.111227,71.761155
323,90.714703,58.955854,11.639706,222.138392,1.547398,73.096954
324,90.122708,59.956806,12.39977,208.798689,1.742723,81.145038
325,90.671047,60.974733,13.410707,227.179392,1.520097,77.050505
326,91.087073,60.256779,12.250575,217.689993,2.580836,76.809954
327,91.477635,60.355971,12.358346,210.210863,2.289093,76.969156
328,90.676333,59.659071,12.527511,204.388582,2.745845,76.002996
329,89.991068,60.681541,13.58924,228.470781,1.400638,68.740356
332,91.63041,59.798516,12.75845,205.164578,1.684366,81.880152
333,89.827662,59.863906,12.576347,200.446369,1.717278,71.744537
334,91.26911,61.806043,13.344685,215.091575,1.288442,70.294911
335,90.267281,60.848022,12.899504,217.550747,2.440863,71.159304
336,90.246215,59.877469,12.476794,204.962174,2.19415,73.305668
337,91.304849,60.885886,12.974742,205.817078,1.895672,68.239273
338,90.837482,59.346986,12.879327,198.166322,2.352654,70.142224
339,89.932698,62.026034,12.855733,206.888481,1.932256,74.979689
340,90.858382,60.983117,12.910773,208.018863,2.23203,78.067593
342,91.013929,62.066499,13.545254,214.763581,1.191441,68.074802
343,90.495564,59.42503,12.743246,216.206721,2.453045,74.003497
344,91.154763,59.885335,12.237786,217.704679,2.17244,76.743368
345,90.965498,61.093378,12.354592,212.678106,1.788562,73.916601
346,90.803455,62.667201,13.292691,206.341263,1.681382,74.343079
347,91.054978,60.54137,12.234721,218.184117,1.094223,72.835464
348,91.280567,59.435656,13.096517,208.13272,1.472259,73.307441
349,90.274692,60.397525,12.79658,215.387422,1.332985,68.148718
350,90.601974,61.115095,12.826915,219.079894,2.647703,74.902917
351,90.493455,60.420759,13.425196,205.155603,2.045757,70.245938
352,91.23661,59.648022,12.881161,223.153034,1.933824,78.871346
353,89.921502,59.739852,13.051765,198.767544,1.968413,76.286357
354,90.828049,59.274612,12.211113,205.407024,2.115777,74.348454
355,89.656814,59.961857,11.973239,211.073909,2.59699,72.751698
356,90.75973,60.621075,12.832199,211.176511,1.862765,70.517774
357,90.159126,61.30075,12.872888,205.388217,2.2602,71.968604
358,91.004475,59.704299,13.032151,206.784016,1.428383,76.063829
359,91.306093,60.531566,12.865043,202.869587,2.088504,73.56895
361,90.711755,58.806101,12.331918,213.729564,2.469175,78.953226
362,89.982607,60.269735,12.382023,206.254359,2.031466,73.485574
363,91.256098,60.390703,12.475474,213.146813,2.13397,77.239085
365,90.21051,59.493647,12.391067,195.479623,1.645164,75.826805
366,90.25001,60.089597,12.507937,208.830429,1.926586,72.591148
368,90.437557,61.743115,12.573794,203.540017,1.488832,73.824453
369,90.883251,59.136442,12.716608,213.691879,1.441688,68.052636
370,90.668912,60.353407,13.62253,208.816161,2.808366,76.185175
371,90.215421,59.94074,12.413716,215.325816,2.428385,75.646183
372,90.727708,59.339438,11.921213,214.883353,2.163053,84.351336
373,91.565938,58.031301,11.912034,207.10281,1.850308,76.96511
374,90.869022,59.978987,13.491317,203.846185,1.958225,73.415964
375,91.165628,60.111655,12.9866,204.703069,1.220392,76.595224
376,90.647342,58.956754,12.89081,205.930885,1.490363,73.438952
377,91.489098,59.899705,12.40622,206.420918,1.570639,77.526369
378,90.858655,59.442738,11.946849,208.663723,2.097242,75.468578
379,91.004006,61.150496,13.337865,218.9014,1.731071,77.705993
381,90.24743,58.682939,12.766097,201.989832,2.077418,70.782635
382,90.038191,60.311329,12.858225,202.843164,1.869486,76.845988
383,90.933122,60.698269,12.812537,212.221262,1.615374,74.863483
384,90.190566,59.659615,12.835816,205.769294,2.122546,78.868353
385,91.592911,61.740695,12.501587,201.291007,1.778859,74.198433
386,91.151125,60.176594,13.058402,209.672663,1.527042,73.78534
387,90.370996,58.995596,12.704232,210.48776,2.061024,75.560576
388,90.797326,60.186438,13.298486,216.93755,1.400188,75.383674
389,90.922463,61.061048,12.507891,204.642834,1.595652,75.67653
390,90.09098,61.370262,12.513261,220.329987,2.411173,73.130165
391,90.698514,60.141564,12.496371,222.114185,1.885213,71.326957
392,91.002848,59.79714,12.929704,216.1653,2.13694,77.547897
393,91.388813,60.836146,12.50661,213.823204,1.936604,78.313549
394,90.981467,59.167847,12.651694,212.675906,1.924242,76.817724
396,90.672479,59.49354,12.625137,210.450986,1.905277,77.90672
397,91.014798,60.088292,12.192225,220.425455,2.259159,76.490648
398,90.789787,59.980833,12.632313,202.904666,2.522722,74.472484
399,91.633985,60.842898,12.86385,207.551248,0.85527,69.77247
400,90.99021,59.399228,12.743787,202.299897,1.679684,75.137448
401,90.472116,60.516452,12.866441,217.450196,1.423387,68.037221
402,90.606404,59.417974,12.12389,209.315778,2.765267,76.795931
404,90.942764,59.902483,11.910567,207.900648,1.621962,76.973913
405,90.47436,60.191437,12.658429,198.810845,2.316547,75.048585
406,90.843046,60.218338,11.921837,208.809421,1.625916,74.464009
407,90.204554,60.738179,12.958538,206.59607,2.256935,76.122701
408,91.24181,60.10251,12.584069,208.95387,1.929745,73.612784
409,90.850352,60.009172,12.405332,220.661432,1.490942,76.817628
410,90.799497,59.751815,12.840879,212.772255,1.668365,74.465015
411,90.661039,60.893683,12.249502,217.289882,1.852454,77.190334
412,91.011807,58.977458,12.352895,211.77433,1.915697,77.096037
413,91.456556,62.157404,12.559157,204.608914,1.196735,78.207545
414,91.171832,59.494421,12.963805,217.961346,1.923396,76.425451
415,90.224603,59.902782,12.63821,206.392427,1.973853,81.144309
416,91.172606,61.163513,12.528822,208.885137,2.341457,76.513374
417,91.037892,59.90835,12.456229,211.815106,2.061477,79.293123
418,91.519957,60.275687,12.595485,214.911637,1.362584,72.787023
419,90.658246,59.741892,12.915779,208.316607,1.726225,71.719373
420,91.11292,59.832948,12.729202,209.495195,1.76686,71.197462
421,90.217515,59.923355,12.386608,209.917572,2.473136,73.609917
422,91.091364,60.409125,12.225273,208.145332,1.106458,68.287397
424,90.57847,59.51722,12.350655,213.651215,1.907433,79.528108
425,90.354688,60.609281,12.74563,210.659921,2.090913,77.017776
426,90.826627,58.865391,12.800056,206.467244,2.174257,78.312619
427,90.760765,59.739463,12.652033,209.480825,1.325972,70.069856
428,90.008807,61.549589,12.789848,208.497429,1.434532,77.152107
429,90.680256,58.63023,12.32807,211.055306,2.211792,78.454873
430,90.283695,60.963605,12.0039,216.246747,2.163167,75.712058
431,89.937979,60.182521,12.942473,219.267384,2.000955,70.175675
432,91.087396,59.671995,11.368037,208.730215,2.141711,75.408929
434,90.790269,59.645732,12.762567,211.721149,1.938418,74.990257
435,90.781437,59.87549,12.340888,212.44412,2.43468,75.781972
436,90.650084,60.190739,12.827711,211.252121,1.717453,74.735984
437,90.755402,59.165441,12.314766,207.821728,2.730561,80.216046
438,91.530128,57.91975,12.340223,208.350478,2.607838,76.98728
439,90.643266,60.990964,13.277464,217.168521,1.806042,72.352694
440,90.801165,61.866324,13.168314,203.561947,1.701126,72.402328
441,90.718924,61.27892,13.496483,221.29058,2.197871,72.023343
442,90.579296,60.560102,12.680552,204.815469,1.413401,69.223663
443,91.674374,60.470508,12.86391,211.646401,1.951089,77.851297
444,90.981724,59.539546,12.379366,207.711707,2.500217,73.514582
445,90.255664,59.905039,12.630137,216.071557,1.989259,73.326817
446,90.740524,61.191819,12.590101,214.996849,1.901249,72.503636
447,90.636974,60.775185,12.509936,215.784298,2.055801,71.40282
448,91.052245,59.804436,12.153958,217.140905,1.290276,72.93413
449,90.434146,59.263215,12.580208,217.535537,2.68464,76.067848
450,91.604755,60.080251,12.870328,193.791656,2.327576,79.131374
451,90.781547,61.341431,13.370052,201.519894,2.683056,77.04154
452,90.914005,59.586421,12.290388,214.913815,1.589241,73.95974
453,90.613523,61.028455,12.374184,216.960205,1.814634,73.897607
454,90.441616,58.607456,12.298522,219.262675,2.083919,70.077652
455,91.113774,62.567433,13.473264,204.108336,1.431176,73.860516
456,91.291273,60.192178,12.647983,221.203767,1.507664,73.026431
457,89.834031,59.152998,13.181959,224.305741,2.319283,77.418958
458,90.379217,61.489068,12.672734,209.048502,2.15996,68.477884
459,90.716641,59.927885,12.455303,214.940288,1.456903,74.905767
460,91.496148,60.166877,12.82521,208.490333,1.67922,71.753424
461,91.02562,60.283123,12.747699,210.992973,2.34835,77.665638
463,90.67204,59.582914,12.298527,202.490616,2.272995,81.351785
464,90.941798,59.430412,12.650804,205.73344,2.135973,76.309161
465,90.876208,59.419789,12.239709,211.567895,2.011479,70.103235
466,90.893588,60.307131,12.381846,210.041787,2.247487,77.576502
467,90.908257,60.807384,12.87301,209.950204,1.728088,77.405203
468,90.886104,60.371256,13.332472,209.725277,2.213129,76.712164
469,91.497422,60.125825,12.408458,206.223612,1.736178,70.656997
470,91.422567,59.138626,11.982201,226.451279,2.132591,76.431258
471,90.377866,60.148353,12.659315,206.564617,1.728244,69.01279
473,91.481681,61.220264,12.481215,215.33382,1.412098,76.845116
474,90.858091,59.851308,12.978962,213.311912,1.605417,79.223997
475,91.023721,60.426389,12.383172,204.793164,1.697707,73.8769
476,90.862069,60.750115,12.355862,216.578848,1.456409,72.75109
478,90.872177,60.256656,12.92005,201.300899,1.259818,72.715532
479,91.102761,61.412931,13.106764,211.718595,2.108785,76.165301
480,90.675742,58.483052,12.220646,202.874727,1.998108,77.709765
481,90.726813,59.508301,12.112819,214.707283,1.596,70.337332
482,90.987644,60.190165,12.421874,207.351933,1.903902,77.608975
483,90.38746,60.989586,13.487816,210.736743,2.055152,77.268856
484,91.737695,60.010322,12.397708,206.674265,1.221624,76.555019
485,90.466628,61.365525,12.865412,204.682162,2.338915,77.169595
486,90.6623,58.865057,12.590904,216.093626,1.970777,75.064289
487,91.139486,58.138415,12.123767,210.105648,1.384386,76.301662
488,90.565485,60.450704,12.252428,201.712375,2.305717,79.879956
489,91.2919,58.601342,11.627992,210.138877,2.26028,77.498758
490,90.873771,62.271983,13.173593,204.226776,1.373051,72.995421
491,90.367471,60.64686,12.31558,206.377154,1.89072,74.495224
492,90.981905,58.649057,12.083588,206.145983,2.304824,67.511656
494,90.854431,60.133034,11.799571,207.605248,2.542779,72.807808
495,91.741211,60.295211,12.453567,210.925916,1.472594,73.725757
496,90.66485,60.58285,12.769665,212.06904,2.235621,74.438675
497,90.914614,59.974787,12.61514,227.671079,2.381027,75.496984
498,89.826988,58.885516,13.196431,208.491281,1.81016,73.244745
499,91.314317,58.893836,11.905496,206.506953,1.460832,70.149008
500,91.391036,61.248697,12.845377,205.763073,2.332402,78.490355
501,90.570952,61.294693,12.795843,203.332622,1.53018,74.684924
502,90.573625,61.531153,13.103982,210.274495,1.393318,73.58426
503,91.095066,59.221893,12.442238,209.036912,1.479375,68.087454
504,91.48285,60.188934,11.793326,207.514316,1.855363,80.877416
505,90.000029,59.847018,12.809788,210.483346,2.07791,76.240529
506,90.972896,60.623961,12.180028,206.03146,1.573829,70.434739
507,91.27845,58.131098,12.047684,216.445358,2.721843,76.977283
508,90.280203,59.511619,12.960876,216.724403,1.768872,71.456194
509,91.903946,60.048905,12.61385,213.070836,1.211366,65.318245
510,90.884009,62.51666,13.455143,203.243348,1.189626,71.152642
511,90.645422,60.378476,12.520519,214.062573,1.823983,74.999597
512,90.86538,59.151907,12.366094,212.492083,1.999159,74.706199
513,90.635863,61.640453,13.689456,206.259409,1.165917,76.09307
514,90.635755,60.613783,12.94448,208.195533,2.012605,76.356923
515,89.837039,61.151184,12.595185,214.310743,2.260047,78.477078
516,91.16939,58.987532,11.93307,215.708441,2.237376,74.577808
517,90.599726,60.188909,12.295639,224.158727,2.357072,76.393417
518,89.851371,60.540125,13.431751,218.494858,2.059486,73.258966
519,89.882549,59.60712,12.817436,206.482077,1.655213,71.081922
520,89.867493,59.852545,12.59791,199.049416,1.873869,73.085752
521,90.34821,59.674848,12.787341,208.827708,2.181819,73.964339
522,90.55698,60.498587,12.308177,212.406008,1.26693,68.525172
523,90.355236,60.941616,12.096338,209.806608,2.712915,73.861281
524,90.678957,57.561385,12.030809,217.379018,2.044727,78.9626
525,90.711758,62.093063,12.963735,207.406879,1.71549,75.217214
526,90.456871,61.28936,13.593901,200.130133,1.671923,72.488362
527,90.02255,63.854715,13.39118,206.584772,0.970756,75.244309
528,90.252919,59.977217,12.663342,222.198819,2.421098,72.460187
529,90.58956,58.258989,11.868344,218.430341,1.827235,69.330676
530,90.3394,58.895884,13.094685,207.230291,1.631017,74.975507
531,91.113876,61.948746,13.158643,201.569408,2.575503,77.095426
532,90.399486,58.364093,12.335154,211.066777,1.407491,71.681495
533,90.479732,60.030249,12.911161,215.242692,2.392812,74.325799
534,90.694474,60.808166,13.521605,216.443844,2.694729,75.252378
535,90.567472,58.662165,12.558897,219.18712,1.760959,75.04125
536,90.489737,62.087825,13.774652,203.068513,2.204176,77.436752
537,90.661292,59.725145,13.033947,216.135727,1.366264,70.101155
538,90.666177,59.535104,12.817236,205.952094,3.090058,78.627138
539,90.136793,59.509277,12.744088,206.987987,2.120172,75.602127
540,90.814342,59.199712,11.706261,214.351653,1.956303,76.060751
541,90.668015,61.459636,12.549872,201.930591,2.144027,76.69213
542,90.99998,60.050553,12.819038,219.784744,2.862242,81.160583
544,90.70753,59.9276,12.856819,236.477395,2.318138,71.281911
545,91.500938,61.211922,12.432577,210.730417,2.517217,77.142356
546,90.898392,60.084567,12.417669,201.979022,2.426705,77.582555
547,90.601573,60.243734,12.54123,223.058282,1.614017,65.66742
548,90.562013,60.0337,12.714169,212.128513,1.63137,73.671301
549,90.975833,62.566766,13.882711,202.835946,1.883038,73.864414
550,91.516365,59.773727,12.462193,229.573274,1.501488,74.379618
551,90.637646,61.345208,12.967912,205.868958,2.024884,76.373582
552,90.723689,60.924014,12.776799,208.285383,2.266831,73.567783
553,91.227905,61.186338,13.616593,209.504199,1.430885,75.34553
554,90.882105,59.069807,12.190268,209.094599,2.36471,74.766088
555,91.274596,61.444847,13.139867,209.841658,1.683741,75.377173
556,90.322545,61.122328,12.174064,212.262102,2.527147,73.616025
557,90.587565,60.598991,12.509788,217.328013,2.341258,74.623328
558,90.756703,59.114093,12.642597,200.893939,2.0455,72.547147
560,90.649007,58.535553,12.782302,232.214743,1.753185,70.076285
561,89.969097,60.246673,12.456063,207.187672,2.30525,78.542098
562,91.498572,59.968188,12.760081,204.928056,2.002162,76.637259
563,90.847732,60.000477,12.809692,216.55201,2.220056,71.180803
565,90.518092,60.814766,12.059151,205.75257,3.126832,75.648427
566,90.537712,60.321821,12.414107,208.488058,2.436935,78.012009
567,90.442811,60.935498,12.560766,202.467945,2.599764,74.234739
568,90.864008,60.146739,12.545171,211.113075,2.43111,76.520737
569,91.136431,59.24574,12.324485,221.561767,1.992313,74.551065
570,90.98479,60.739123,12.510697,221.746861,2.152813,76.993769
