1.192119e-05
1.214209e-05
1.230423e-05
1.24495e-05
1.218606e-05
1.231944e-05
1.226746e-05
1.242994e-05
1.214031e-05
1.22721e-05
1.232942e-05
1.253124e-05
1.215089e-05
1.177251e-05
1.171987e-05
1.145794e-05
1.144309e-05
1.1734e-05
1.172542e-05
1.208398e-05
1.233338e-05
1.271604e-05
1.289005e-05
1.316703e-05
1.317857e-05
1.340237e-05
1.285071e-05
1.279641e-05
1.295766e-05
1.298466e-05
1.322592e-05
1.334059e-05
1.324652e-05
1.331648e-05
1.303936e-05
1.337489e-05
1.311807e-05
1.301629e-05
1.345711e-05
1.337646e-05
1.328626e-05
1.370948e-05
1.379997e-05
1.358955e-05
1.307807e-05
1.294413e-05
1.290943e-05
1.303944e-05
1.333106e-05
1.360503e-05
1.326614e-05
1.322543e-05
1.289302e-05
1.306594e-05
1.347806e-05
1.37286e-05
1.312713e-05
1.329501e-05
1.394202e-05
1.400894e-05
1.409189e-05
1.435228e-05
1.484444e-05
1.498245e-05
1.49072e-05
1.496943e-05
1.487234e-05
1.493488e-05
1.518323e-05
1.497596e-05
1.528767e-05
1.523854e-05
1.466652e-05
1.421097e-05
1.421643e-05
1.447696e-05
1.509525e-05
1.526478e-05
1.519336e-05
1.535462e-05
1.557789e-05
1.500562e-05
1.506332e-05
1.517816e-05
1.506118e-05
1.493757e-05
1.493772e-05
1.492888e-05
1.532881e-05
1.504744e-05
1.548621e-05
1.541454e-05
1.568421e-05
1.596325e-05
1.606058e-05
1.573965e-05
1.539249e-05
1.541018e-05
1.577419e-05
1.582362e-05
1.590255e-05
1.58264e-05
1.618838e-05
1.645776e-05
1.624231e-05
1.633414e-05
1.665879e-05
1.622378e-05
1.667768e-05
1.657133e-05
1.679064e-05
1.639773e-05
1.620942e-05
1.5835e-05
1.596259e-05
1.594073e-05
1.651628e-05
1.672957e-05
1.645177e-05
1.613216e-05
1.593159e-05
1.594188e-05
1.540762e-05
1.594331e-05
1.598664e-05
1.600912e-05
1.573106e-05
1.587902e-05
1.531068e-05
1.562112e-05
1.539991e-05
1.54017e-05
1.508692e-05
1.536023e-05
1.530551e-05
1.473862e-05
1.527947e-05
1.525179e-05
1.561769e-05
1.592632e-05
1.570672e-05
1.555784e-05
1.55177e-05
1.537727e-05
1.528254e-05
1.519678e-05
1.538501e-05
1.503517e-05
1.556358e-05
1.571577e-05
1.590515e-05
1.537871e-05
1.530447e-05
1.458747e-05
1.463069e-05
1.47562e-05
1.520923e-05
1.486293e-05
1.433295e-05
1.405493e-05
1.378705e-05
1.374409e-05
1.346434e-05
1.340668e-05
1.339143e-05
1.335066e-05
1.294032e-05
1.292566e-05
1.248558e-05
1.289272e-05
1.254083e-05
1.294529e-05
1.270713e-05
1.321649e-05
1.34506e-05
1.355321e-05
1.35851e-05
1.357521e-05
1.352131e-05
1.329052e-05
1.296473e-05
1.292686e-05
1.305525e-05
1.352159e-05
1.380037e-05
1.346849e-05
1.33686e-05
1.347096e-05
1.373922e-05
1.402662e-05
1.429422e-05
1.397336e-05
1.446269e-05
1.453167e-05
1.422933e-05
1.405665e-05
1.402494e-05
1.386533e-05
1.405567e-05
1.457974e-05
1.455448e-05
1.454547e-05
1.477798e-05
1.493918e-05
1.487076e-05
1.507844e-05
1.491638e-05
1.449357e-05
1.506646e-05
1.526226e-05
1.509391e-05
1.590826e-05
1.61336e-05
1.626356e-05
1.657336e-05
1.616027e-05
1.629987e-05
1.60573e-05
1.624278e-05
1.695776e-05
1.675065e-05
1.737586e-05
1.70687e-05
1.660442e-05
1.666097e-05
1.630476e-05
1.642897e-05
1.637026e-05
1.593747e-05
1.576225e-05
1.545223e-05
1.525563e-05
1.525124e-05
1.514197e-05
1.493456e-05
1.536117e-05
1.544244e-05
1.597753e-05
1.57475e-05
1.594887e-05
1.600999e-05
1.563676e-05
1.601e-05
1.621129e-05
1.615403e-05
1.599111e-05
1.609054e-05
1.608973e-05
1.589988e-05
1.624146e-05
1.615808e-05
1.626834e-05
1.62724e-05
1.635494e-05
1.620178e-05
1.636875e-05
1.608038e-05
1.56803e-05
1.596166e-05
1.598003e-05
1.65828e-05
1.634723e-05
1.620283e-05
1.67423e-05
1.708002e-05
1.670973e-05
1.665342e-05
1.649765e-05
1.662388e-05
1.658128e-05
1.631551e-05
1.671445e-05
1.719422e-05
1.697787e-05
1.652994e-05
1.65937e-05
1.640467e-05
1.587243e-05
1.558287e-05
1.554397e-05
1.497748e-05
1.593549e-05
1.58965e-05
1.565823e-05
1.571369e-05
1.555066e-05
1.554796e-05
1.587238e-05
1.571913e-05
1.59653e-05
1.62481e-05
1.595865e-05
1.60923e-05
1.664274e-05
1.70081e-05
1.662629e-05
1.712019e-05
1.645617e-05
1.683066e-05
1.738682e-05
1.712946e-05
1.749741e-05
1.73866e-05
1.750822e-05
1.72002e-05
1.666403e-05
1.67532e-05
1.66057e-05
1.660318e-05
1.624004e-05
1.637713e-05
1.647301e-05
1.591781e-05
1.571687e-05
1.5308e-05
1.557081e-05
1.55007e-05
1.541539e-05
1.46732e-05
1.451954e-05
1.408759e-05
1.388801e-05
1.376864e-05
1.377287e-05
1.344543e-05
1.330569e-05
1.291449e-05
1.319954e-05
1.289502e-05
1.326252e-05
1.345573e-05
1.308651e-05
1.327799e-05
1.356394e-05
1.359645e-05
1.321871e-05
1.39107e-05
1.381102e-05
1.370231e-05
1.375261e-05
1.379873e-05
1.440088e-05
1.430009e-05
1.450372e-05
1.454413e-05
1.479052e-05
1.499665e-05
1.429566e-05
1.402984e-05
1.405865e-05
1.375968e-05
1.385616e-05
1.377961e-05
1.408807e-05
1.379997e-05
1.429306e-05
1.468462e-05
1.501193e-05
1.548519e-05
1.539587e-05
1.523566e-05
1.552912e-05
1.576674e-05
1.595051e-05
1.611704e-05
1.614028e-05
1.619838e-05
1.559698e-05
1.573783e-05
1.627178e-05
1.562295e-05
1.542331e-05
1.539396e-05
1.544708e-05
1.538713e-05
1.544006e-05
1.467676e-05
1.486009e-05
1.486748e-05
1.501214e-05
1.515529e-05
1.498147e-05
1.451821e-05
1.470454e-05
1.468727e-05
1.402453e-05
1.429997e-05
1.455185e-05
1.45873e-05
1.47534e-05
1.44404e-05
1.463432e-05
1.481478e-05
1.456838e-05
1.474916e-05
1.509482e-05
1.530819e-05
1.538309e-05
1.557635e-05
1.610839e-05
1.586515e-05
1.590224e-05
1.562711e-05
1.555369e-05
1.593867e-05
1.593519e-05
1.578385e-05
1.617447e-05
1.607449e-05
1.563104e-05
1.549625e-05
1.600874e-05
1.616254e-05
1.67549e-05
1.680002e-05
1.709365e-05
1.771922e-05
1.73886e-05
1.767861e-05
1.77409e-05
1.767391e-05
1.778157e-05
1.79387e-05
1.744318e-05
1.7136e-05
1.707998e-05
1.682774e-05
1.742318e-05
1.732081e-05
1.741701e-05
1.776279e-05
1.826384e-05
1.811463e-05
1.733458e-05
1.721191e-05
1.720128e-05
1.682201e-05
1.716164e-05
1.746707e-05
1.800663e-05
1.855985e-05
1.840205e-05
1.800986e-05
1.790073e-05
1.804475e-05
1.805454e-05
1.829264e-05
1.892348e-05
1.879012e-05
1.910691e-05
1.895591e-05
1.884968e-05
1.877242e-05
1.880547e-05
1.894508e-05
1.920589e-05
1.939422e-05
1.969288e-05
1.971223e-05
1.888e-05
1.87914e-05
1.80081e-05
1.812289e-05
1.830426e-05
1.793247e-05
1.796697e-05
1.690936e-05
1.695482e-05
1.72811e-05
1.670628e-05
1.705046e-05
1.704403e-05
1.705514e-05
1.681835e-05
1.655506e-05
1.691581e-05
1.691433e-05
1.720846e-05
1.752847e-05
1.794418e-05
1.814145e-05
1.832538e-05
1.776888e-05
1.783797e-05
1.809578e-05
1.888681e-05
1.910921e-05
1.861553e-05
1.879696e-05
1.884238e-05
1.893138e-05
1.906924e-05
1.898624e-05
1.875073e-05
1.81164e-05
1.818113e-05
1.83312e-05
1.829395e-05
1.869664e-05
1.817516e-05
1.806431e-05
1.789701e-05
1.706011e-05
1.747316e-05
1.726398e-05
1.760391e-05
1.766602e-05
1.784828e-05
1.760581e-05
1.829647e-05
1.842291e-05
1.845666e-05
1.902945e-05
1.874934e-05
1.863288e-05
1.925802e-05
1.947096e-05
1.921002e-05
1.965852e-05
1.951146e-05
1.950117e-05
1.891836e-05
1.86769e-05
1.845747e-05
1.830747e-05
1.782856e-05
1.739942e-05
1.737687e-05
1.755197e-05
1.719099e-05
1.754649e-05
1.770657e-05
1.797561e-05
1.79936e-05
1.787676e-05
1.754157e-05
1.788402e-05
1.784728e-05
1.769854e-05
1.823301e-05
1.808459e-05
1.827754e-05
1.843528e-05
1.841929e-05
1.835396e-05
1.814352e-05
1.790425e-05
1.766512e-05
1.721236e-05
1.741195e-05
1.73848e-05
1.723488e-05
1.7048e-05
1.770141e-05
1.739798e-05
1.757148e-05
1.754092e-05
1.761391e-05
1.770245e-05
1.823837e-05
1.852905e-05
1.836575e-05
1.811492e-05
1.80946e-05
1.709116e-05
1.740021e-05
1.79916e-05
1.818636e-05
1.781026e-05
1.778744e-05
1.692884e-05
1.730581e-05
1.700579e-05
1.723907e-05
1.727685e-05
1.690368e-05
1.656408e-05
1.652502e-05
1.634916e-05
1.617765e-05
1.628969e-05
1.620823e-05
1.659412e-05
1.689434e-05
1.665975e-05
1.63556e-05
1.637153e-05
1.685715e-05
1.730711e-05
1.721097e-05
1.80486e-05
1.780849e-05
1.710368e-05
1.731115e-05
1.716094e-05
1.657153e-05
1.650147e-05
1.659804e-05
1.703135e-05
1.713728e-05
1.731634e-05
1.72344e-05
1.7517e-05
1.735744e-05
1.779253e-05
1.741591e-05
1.755789e-05
1.783862e-05
1.791301e-05
1.758474e-05
1.752532e-05
1.711006e-05
1.665687e-05
1.654492e-05
1.639558e-05
1.615138e-05
1.607851e-05
1.566235e-05
1.518898e-05
1.5618e-05
1.558384e-05
1.506534e-05
1.527245e-05
1.485027e-05
1.522494e-05
1.48148e-05
1.447339e-05
1.414382e-05
1.402298e-05
1.436986e-05
1.443836e-05
1.451343e-05
1.499458e-05
1.486079e-05
1.447957e-05
1.459852e-05
1.445086e-05
1.45625e-05
1.48636e-05
1.510387e-05
1.515075e-05
1.523778e-05
1.599992e-05
1.607289e-05
1.642427e-05
1.578983e-05
1.585656e-05
1.614996e-05
1.642134e-05
1.610033e-05
1.560153e-05
1.537637e-05
1.505837e-05
1.559405e-05
1.622229e-05
1.675668e-05
1.662032e-05
1.622679e-05
1.624546e-05
1.604691e-05
1.606597e-05
1.576636e-05
1.540718e-05
1.58746e-05
1.576473e-05
1.63934e-05
1.713197e-05
1.745422e-05
1.713495e-05
1.677966e-05
1.690842e-05
1.694833e-05
1.673038e-05
1.670784e-05
1.60471e-05
1.598259e-05
1.625569e-05
1.641055e-05
1.664731e-05
1.641712e-05
1.616257e-05
1.57202e-05
1.526885e-05
1.540683e-05
1.624161e-05
1.649804e-05
1.66771e-05
1.641262e-05
1.643758e-05
1.626298e-05
1.640566e-05
1.6645e-05
1.627358e-05
1.594349e-05
1.597867e-05
1.590959e-05
1.620516e-05
1.618805e-05
1.621791e-05
1.613808e-05
1.578559e-05
1.579209e-05
1.559359e-05
1.589433e-05
1.588733e-05
1.571165e-05
1.597909e-05
1.581914e-05
1.578952e-05
1.536259e-05
1.504154e-05
1.509562e-05
1.543694e-05
1.544576e-05
1.518538e-05
1.469427e-05
1.453796e-05
1.477292e-05
1.453138e-05
1.433445e-05
1.3835e-05
1.374699e-05
1.430873e-05
1.439771e-05
1.443842e-05
1.402422e-05
1.421425e-05
1.460191e-05
1.443207e-05
1.456868e-05
1.436241e-05
1.441263e-05
1.453728e-05
1.513793e-05
1.495839e-05
1.448723e-05
1.462863e-05
1.422725e-05
1.435526e-05
1.485306e-05
1.47516e-05
1.443445e-05
1.464151e-05
1.421754e-05
1.41501e-05
1.387705e-05
1.404838e-05
1.439888e-05
1.412131e-05
1.428879e-05
1.482204e-05
1.502357e-05
1.53865e-05
1.546058e-05
1.588623e-05
1.628017e-05
1.680154e-05
1.692425e-05
1.666176e-05
1.625494e-05
1.654084e-05
1.664676e-05
1.623528e-05
1.658648e-05
1.690417e-05
1.610585e-05
1.574452e-05
1.601482e-05
1.612385e-05
1.606602e-05
1.683196e-05
1.659377e-05
1.672878e-05
1.680784e-05
1.695568e-05
1.747187e-05
1.780882e-05
1.703199e-05
1.732585e-05
1.716293e-05
1.693543e-05
1.709286e-05
1.723911e-05
1.717761e-05
1.749669e-05
1.732806e-05
1.664843e-05
1.701577e-05
1.645717e-05
1.656127e-05
1.67622e-05
1.624159e-05
1.638603e-05
1.592332e-05
1.609464e-05
1.639285e-05
1.567715e-05
1.555339e-05
1.556741e-05
1.657187e-05
1.67086e-05
1.617039e-05
1.574595e-05
1.571409e-05
1.582073e-05
1.560319e-05
1.57839e-05
1.552063e-05
1.493317e-05
1.455879e-05
1.450791e-05
1.412639e-05
1.392407e-05
1.350903e-05
1.341336e-05
1.351479e-05
1.342065e-05
1.360094e-05
1.337224e-05
1.401843e-05
1.370397e-05
1.374267e-05
1.3829e-05
1.389076e-05
1.336922e-05
1.3708e-05
1.321818e-05
1.345116e-05
1.346989e-05
1.373068e-05
1.375241e-05
1.383613e-05
1.36028e-05
1.357511e-05
1.373585e-05
1.369156e-05
1.344857e-05
1.354689e-05
1.340638e-05
1.374723e-05
1.340614e-05
1.332882e-05
1.344407e-05
1.341847e-05
1.356607e-05
1.357692e-05
1.319824e-05
1.273476e-05
1.285152e-05
1.264737e-05
1.28209e-05
1.285489e-05
1.305316e-05
1.318421e-05
1.350014e-05
1.350591e-05
1.385759e-05
1.368846e-05
1.378306e-05
1.46156e-05
1.527953e-05
1.594767e-05
1.560902e-05
1.612541e-05
1.614537e-05
1.576979e-05
1.586876e-05
1.601878e-05
1.619078e-05
1.580106e-05
1.532755e-05
1.562117e-05
1.57513e-05
1.547564e-05
1.534519e-05
1.553346e-05
1.604133e-05
1.561525e-05
1.571785e-05
1.562942e-05
1.512828e-05
1.497216e-05
1.494074e-05
1.504076e-05
1.506863e-05
1.473505e-05
1.474754e-05
1.435553e-05
1.399498e-05
1.389526e-05
1.409811e-05
1.408875e-05
1.375485e-05
1.382432e-05
1.369219e-05
1.35766e-05
1.377783e-05
1.403809e-05
1.400681e-05
1.392382e-05
1.423489e-05
1.423398e-05
1.397935e-05
1.408753e-05
1.399066e-05
1.407031e-05
1.443278e-05
1.461689e-05
1.4631e-05
1.428362e-05
1.417665e-05
1.451867e-05
1.449816e-05
1.488002e-05
1.431412e-05
1.439433e-05
1.447245e-05
1.560887e-05
1.525923e-05
1.570664e-05
1.567766e-05
1.581678e-05
1.545182e-05
1.564389e-05
1.627066e-05
1.606077e-05
1.593214e-05
1.60365e-05
1.583732e-05
1.567078e-05
1.601427e-05
1.563295e-05
1.508918e-05
1.483025e-05
1.512492e-05
1.503084e-05
1.518375e-05
1.504421e-05
1.487118e-05
1.451185e-05
1.393335e-05
1.381324e-05
1.408236e-05
1.39562e-05
1.434878e-05
1.411846e-05
1.407841e-05
1.382806e-05
1.419055e-05
1.356267e-05
1.356953e-05
1.352671e-05
1.397719e-05
1.389931e-05
1.39257e-05
1.342091e-05
1.342265e-05
1.366715e-05
1.389294e-05
1.403524e-05
1.409671e-05
1.406953e-05
1.384911e-05
1.388641e-05
1.363102e-05
1.394587e-05
1.446746e-05
1.489934e-05
1.496804e-05
1.463944e-05
1.457317e-05
1.470687e-05
1.424321e-05
1.432779e-05
1.444811e-05
1.411436e-05
1.432495e-05
1.389191e-05
1.349683e-05
1.38592e-05
1.387953e-05
1.352071e-05
1.363107e-05
1.365152e-05
1.372939e-05
1.368214e-05
1.392847e-05
1.405471e-05
1.383323e-05
1.390543e-05
1.420035e-05
1.381406e-05
1.395629e-05
1.378758e-05
1.391595e-05
1.355157e-05
1.348427e-05
1.372732e-05
1.38903e-05
1.393046e-05
1.4239e-05
1.434148e-05
1.373907e-05
1.401631e-05
1.394763e-05
1.359177e-05
1.368352e-05
1.36898e-05
1.358981e-05
1.389396e-05
1.424704e-05
1.419704e-05
1.459257e-05
1.47869e-05
1.492003e-05
1.521719e-05
1.538983e-05
1.559019e-05
1.538493e-05
1.565296e-05
1.622714e-05
1.599301e-05
1.607851e-05
1.614087e-05
1.595803e-05
1.616363e-05
1.649249e-05
1.61703e-05
1.563724e-05
1.527459e-05
1.548697e-05
1.553509e-05
1.612279e-05
1.594565e-05
1.594259e-05
1.630485e-05
1.64156e-05
1.669406e-05
1.645275e-05
1.631096e-05
1.641089e-05
1.620691e-05
1.642769e-05
1.604708e-05
1.593884e-05
1.627233e-05
1.593287e-05
1.580278e-05
1.61236e-05
1.617823e-05
1.638203e-05
1.621124e-05
1.610336e-05
1.587249e-05
1.679324e-05
1.678151e-05
1.692215e-05
1.679461e-05
1.622771e-05
1.592601e-05
1.585166e-05
1.539186e-05
1.570838e-05
1.53733e-05
1.54371e-05
1.578071e-05
1.623959e-05
1.600733e-05
1.661787e-05
1.671688e-05
1.665308e-05
1.746488e-05
1.760192e-05
1.780086e-05
1.80512e-05
1.755816e-05
1.726205e-05
1.716679e-05
1.732085e-05
1.743369e-05
1.770353e-05
1.754703e-05
1.758926e-05
1.746411e-05
1.740979e-05
1.734333e-05
1.713329e-05
1.730191e-05
1.762811e-05
1.716939e-05
1.724901e-05
1.751644e-05
1.756758e-05
1.747781e-05
1.722208e-05
1.659114e-05
1.693512e-05
1.719599e-05
1.693555e-05
1.746646e-05
1.739994e-05
1.773881e-05
1.752143e-05
1.736874e-05
1.727464e-05
1.723795e-05
1.721568e-05
1.671762e-05
1.726386e-05
1.695477e-05
1.602786e-05
1.643957e-05
1.64127e-05
1.614375e-05
1.625253e-05
1.594517e-05
1.610391e-05
1.612329e-05
1.655209e-05
1.643634e-05
1.648936e-05
1.641786e-05
1.59858e-05
1.555597e-05
1.526489e-05
1.539001e-05
1.56571e-05
1.562123e-05
1.598128e-05
1.528196e-05
1.509114e-05
1.547678e-05
1.568666e-05
1.536694e-05
1.537669e-05
1.514385e-05
1.480669e-05
1.50169e-05
1.492804e-05
1.497358e-05
1.515492e-05
1.533922e-05
1.503094e-05
1.53428e-05
1.50835e-05
1.43814e-05
1.431524e-05
1.420151e-05
1.439254e-05
1.38762e-05
1.44274e-05
1.501097e-05
1.50868e-05
1.505543e-05
1.492442e-05
1.446363e-05
1.440913e-05
1.459409e-05
1.45767e-05
1.442063e-05
1.445368e-05
1.416341e-05
1.436676e-05
1.485466e-05
1.530996e-05
1.518217e-05
1.495883e-05
1.550181e-05
1.612932e-05
1.58721e-05
1.618612e-05
1.646682e-05
1.611418e-05
1.68846e-05
1.616966e-05
1.606651e-05
1.624154e-05
1.596364e-05
1.619361e-05
1.624856e-05
1.661587e-05
1.692297e-05
1.725894e-05
1.745148e-05
1.778034e-05
1.781667e-05
1.784738e-05
1.791345e-05
1.763591e-05
1.754218e-05
1.759026e-05
1.774727e-05
1.758932e-05
1.755933e-05
1.746481e-05
1.708369e-05
1.646048e-05
1.673154e-05
1.668959e-05
1.664116e-05
