90.74981
90.75348
90.74213
90.68945
90.66525
90.78857
90.73204
90.69388
90.6767
90.62889
90.61357
90.61265
90.56119
90.5451
90.52866
90.54925
90.58463
90.61851
90.64446
90.74138
90.70769
90.71235
90.69256
90.64189
90.64465
90.62754
90.69666
90.777
90.77706
90.83679
90.82566
90.88955
90.86499
90.84708
90.94214
90.9486
90.91526
90.83423
90.83711
90.85036
90.91844
90.92992
90.89996
90.91733
90.89921
90.86634
90.85426
90.92129
90.97918
90.96971
90.93377
90.91378
90.90496
90.79983
90.78698
90.83086
90.96176
90.95852
90.92295
90.96653
90.92905
90.87204
90.89349
90.85625
90.85592
90.83995
90.84889
90.83813
90.84162
90.834
90.78701
90.82388
90.76871
90.75515
90.75562
90.72177
90.77038
90.70617
90.70442
90.70712
90.6922
90.68296
90.61049
90.57741
90.59548
90.56693
90.58917
90.59285
90.65119
90.59577
90.58686
90.5918
90.59296
90.59787
90.66711
90.67048
90.62983
90.63121
90.68046
90.75662
90.72855
90.74475
90.7746
90.84895
90.86237
90.82626
90.79396
90.7697
90.78649
90.75264
90.83833
90.83061
90.8436
90.83205
90.85701
90.81945
90.85844
90.83581
90.80617
90.79597
90.8038
90.79586
90.80566
90.90833
90.95432
90.94256
90.97418
90.99486
90.99287
91.02225
91.00805
91.02381
91.03189
91.00251
90.94834
90.95853
90.99472
91.00834
91.05895
91.09796
91.13464
91.11207
91.09844
91.11464
91.13923
91.15134
91.18276
91.23599
91.34364
91.28507
91.21315
91.23305
91.15826
91.15841
91.1178
91.1088
91.07007
91.03933
91.05055
91.07531
91.10227
91.02604
90.98277
90.9583
90.90223
90.89648
90.87038
90.7997
90.81781
90.8853
90.83703
90.79614
90.78504
90.7695
90.77046
90.67585
90.6722
90.59338
90.47152
90.47792
90.52112
90.48098
90.4488
90.41501
90.4014
90.3467
90.37409
90.39417
90.42146
90.46947
90.43802
90.44976
90.37912
90.3913
90.39803
90.43329
90.43095
90.49283
90.54129
90.46626
90.46873
90.44515
90.45156
90.49285
90.5388
90.56365
90.5726
90.64318
90.62212
90.56549
90.61705
90.65053
90.61294
90.70049
90.75184
90.70727
90.71532
90.78308
90.76273
90.76861
90.87339
90.8749
90.863
90.83712
90.82691
90.85902
90.83999
90.87489
90.90474
90.87912
90.92175
90.94671
90.98832
90.99881
90.99606
91.06553
91.0761
91.15059
91.12731
91.14466
91.17908
91.1958
91.2427
91.23545
91.25378
91.15675
91.18824
91.20817
91.18658
91.14319
91.15756
91.174
91.16733
91.14945
91.0687
91.07716
91.1089
91.06306
91.09417
91.12352
91.04394
91.04709
91.02034
90.90324
90.97439
90.96089
90.9423
91.04268
91.0132
91.09
91.03274
90.93925
90.97593
90.99365
91.00345
90.95834
90.9033
90.91862
90.9101
90.89288
90.90512
90.85786
90.82482
90.76213
90.75228
90.71365
90.69872
90.69475
90.64348
90.63526
90.6658
90.69824
90.72236
90.7569
90.80875
90.74977
90.6881
90.71503
90.75234
90.74313
90.68814
90.69212
90.64827
90.59843
90.58789
90.65847
90.62555
90.6595
90.65455
90.62382
90.65876
90.65567
90.63998
90.65756
90.66023
90.76148
90.69819
90.69391
90.73828
90.75977
90.67352
90.74777
90.77823
90.74273
90.75029
90.78308
90.76452
90.72103
90.68699
90.74735
90.77249
90.80614
90.80561
90.71257
90.74501
90.70033
90.73965
90.72189
90.6997
90.75129
90.74265
90.77664
90.79901
90.82485
90.81653
90.82092
90.82771
90.84881
90.84982
90.84421
90.91234
90.85094
90.83249
90.81864
90.88002
90.86525
90.85251
90.82714
90.76074
90.80339
90.78886
90.79398
90.85542
90.7767
90.77981
90.7452
90.79311
90.73583
90.64182
90.64749
90.68668
90.67309
90.66758
90.65923
90.67232
90.70853
90.72098
90.73693
90.74338
90.78122
90.82344
90.83449
90.80856
90.86051
90.87914
90.89191
90.92389
90.81848
90.82891
90.81804
90.82665
90.83135
90.80938
90.9113
90.77694
90.75786
90.76231
90.78743
90.7843
90.73077
90.74962
90.768
90.83301
90.80699
90.86262
90.86712
90.84269
90.76489
90.78507
90.75856
90.7906
90.80131
90.82177
90.82805
90.82552
90.79693
90.84466
90.88111
90.84464
90.7921
90.84074
90.75819
90.75479
90.74012
90.72974
90.74686
90.7426
90.88068
90.85378
90.90156
90.92687
90.95819
90.93925
90.96465
90.93778
90.93217
90.97516
90.91714
90.91083
90.97763
90.92982
90.93652
90.98344
90.92165
90.90921
90.86203
90.8761
90.94139
90.89253
90.8731
90.95131
90.97444
90.95438
90.93871
90.97926
90.98346
90.99629
91.00363
90.97691
91.00414
91.02858
91.02676
90.98927
90.98566
91.00999
91.07076
91.10414
91.10291
91.10769
91.1378
91.2031
91.17883
91.21865
91.20551
91.13965
91.13747
91.15667
91.20409
91.20386
91.26284
91.22665
91.27411
91.2971
91.29674
91.24061
91.25809
91.23073
91.17877
91.23341
91.2253
91.15382
91.10953
91.06952
91.05453
91.05639
91.09339
91.02359
90.99584
90.93476
90.95381
90.9656
91.06061
91.07613
91.03123
90.96716
90.90058
90.8576
90.81527
90.8823
90.92091
90.88199
90.91
90.88841
90.97931
90.93773
90.94691
90.9734
90.90807
90.93432
90.98573
90.90578
90.87876
90.8913
90.83981
90.828
90.84437
90.82672
90.9666
90.97675
90.94942
90.97882
91.00753
91.04053
91.02486
91.00868
90.98394
91.01739
90.97793
90.9192
90.86925
90.86271
90.77066
90.7565
90.76827
90.71016
90.65643
90.66451
90.59085
90.50959
90.48161
90.48344
90.46877
90.53773
90.50872
90.49725
90.56773
90.56839
90.53368
90.49542
90.52225
90.53433
90.61221
90.60979
90.63117
90.65988
90.67818
90.72517
90.79804
90.76588
90.79819
90.89826
90.88341
90.83991
90.81376
90.75954
90.70767
90.78716
90.80241
90.81634
90.84449
90.86601
90.82127
90.85842
90.84456
90.87165
90.91017
90.85172
90.89631
90.92175
90.92509
90.89217
90.91055
90.77457
90.68704
90.76068
90.77722
90.81605
90.89223
90.82473
90.77727
90.78904
90.7855
90.81696
90.84714
90.80225
90.80282
90.75053
90.81592
90.8729
90.81754
90.88553
90.90407
90.90554
90.97449
91.00773
90.95732
90.94118
91.00276
91.01778
90.93459
90.93359
90.93327
90.95811
90.96077
90.93101
90.98576
90.94151
90.94981
90.96885
90.94235
90.85817
90.93678
90.99383
90.94962
90.96398
91.0297
90.99291
90.97746
90.95798
91.01836
90.96967
90.92254
90.92856
90.97685
91.06798
91.06445
91.10049
91.07741
91.02807
91.0415
91.02027
91.0353
90.93282
90.9316
90.98549
90.95957
91.02162
91.01525
90.97562
90.94472
91.01383
91.03007
91.0833
91.00462
91.02216
90.96405
90.93123
90.94996
90.8765
90.85858
90.88721
90.91468
91.06473
91.06504
91.0935
91.11682
91.09213
91.13352
91.19375
91.22182
91.21791
91.19414
91.17439
91.21095
91.23679
91.26849
91.32517
91.3144
91.29678
91.27737
91.26042
91.24639
91.19152
91.2511
91.22483
91.28667
91.2709
91.32622
91.33875
91.30905
91.25819
91.22754
91.18046
91.16232
91.15911
91.15253
91.15453
91.17673
91.21689
91.11958
91.13508
91.13681
91.12248
91.09518
91.10047
91.04105
91.08969
91.09667
91.06638
91.0203
90.99231
91.01671
90.96266
90.92901
90.95296
90.92294
90.89668
90.87037
90.84617
90.83096
90.85465
90.75841
90.67785
90.64039
90.67553
90.7047
90.71378
90.67666
90.66081
90.70345
90.68798
90.65875
90.6418
90.629
90.63008
90.67653
90.63996
90.64637
90.60663
90.65237
90.70637
90.711
90.71084
90.66986
90.7004
90.63129
90.60149
90.66695
90.5865
90.60872
90.64561
90.60178
90.58577
90.58538
90.59929
90.60552
90.55903
90.55411
90.50653
90.53274
90.51577
90.55232
90.51683
90.48392
90.40594
90.50407
90.51272
90.51474
90.49071
90.44893
90.46981
90.43911
90.39257
90.41823
90.35038
90.33092
90.32077
90.38015
90.38577
90.37286
90.33167
90.34546
90.34904
90.45537
90.53605
90.55197
90.5666
90.56764
90.49233
90.57361
90.56993
90.57791
90.55873
90.6025
90.62883
90.63783
90.58834
90.56466
90.53608
90.57817
90.54731
90.52018
90.52677
90.52613
90.48064
90.48148
90.48803
90.4887
90.56621
90.63822
90.66686
90.67896
90.66662
90.69736
90.75688
90.76627
90.75727
90.77569
90.83673
90.85924
90.86528
90.83125
90.81547
90.809
90.85439
90.91084
90.93851
90.97017
91.0465
91.09078
91.10843
91.12617
91.17976
91.16236
91.13249
91.1574
91.18458
91.14704
91.17456
91.12641
91.11272
91.18632
91.13004
91.14943
91.16751
91.07999
91.19849
91.23531
91.27716
91.29477
91.2906
91.27623
91.32387
91.29504
91.28142
91.29987
91.28562
91.25237
91.17055
91.16135
91.14393
91.17404
91.11977
91.09097
91.02334
91.06006
91.09153
91.15222
91.11348
91.12245
91.1784
91.20042
91.15724
91.16075
91.12395
91.13323
91.11916
91.10066
91.05497
91.00264
90.94893
90.93243
90.9234
90.91624
90.93271
90.98227
90.97168
90.88313
90.8817
90.82277
90.74594
90.73349
90.63436
90.63981
90.71652
90.73183
90.71731
90.76656
90.72257
90.76821
90.78168
90.81605
90.92575
90.8317
90.83152
90.78345
90.82167
90.83267
90.90809
90.88967
90.95637
90.99569
91.06142
91.05824
91.06803
91.0091
90.98954
90.9931
90.97985
90.91921
90.99101
91.0152
91.03867
91.11312
91.0194
91.0299
91.06061
91.00246
90.97552
90.96272
90.9768
91.03761
91.00194
90.97372
90.98242
90.9512
91.02483
91.05601
91.09291
91.13006
91.16029
91.15028
91.15005
91.15817
91.22656
91.24408
91.28114
91.31294
91.3346
91.34544
91.32175
91.30815
91.28288
91.32565
91.29664
91.2601
91.19376
91.14644
91.16924
91.14586
91.11019
91.06248
91.09407
91.06749
91.03571
91.0668
91.08946
91.15975
91.15139
91.18243
91.10707
91.12301
91.11138
90.98591
90.9919
90.97805
91.01732
91.00634
90.93889
91.04846
90.9698
90.85956
90.77875
90.79841
90.76585
90.7131
90.71735
90.67516
90.67618
90.63932
90.60824
90.57427
90.54605
90.62664
90.72966
90.69527
90.66969
90.68057
90.58606
90.6346
90.61732
90.71268
90.72056
90.64146
90.69733
90.7201
90.69193
90.61647
90.62402
90.60207
90.58663
90.59748
90.63307
90.61265
90.68501
90.60584
90.6085
90.57392
90.59774
90.57396
90.56026
90.6274
90.68288
90.67132
90.73995
90.7255
90.70281
90.68529
90.70169
90.74166
90.76099
90.77405
90.75778
90.7231
90.74534
90.77442
90.76322
90.73607
90.79006
90.7529
90.81689
90.78579
90.78197
90.77625
90.85143
90.83119
90.87939
90.9574
90.95518
91.00918
91.08803
91.08275
91.07845
91.06345
91.06055
90.99592
91.00794
91.08256
91.06709
91.04008
91.02042
91.09255
91.09018
91.08873
91.00387
91.06787
91.11781
91.06108
91.06027
91.08035
91.05769
91.06739
91.00595
91.01791
90.99102
91.04881
91.03179
91.00495
91.02583
91.02133
90.99972
91.04484
91.11677
91.08227
90.93829
90.89625
90.83328
90.75655
90.7734
90.83351
90.76816
90.78604
90.76803
90.72783
90.77725
90.69628
90.6931
90.69702
90.72547
90.70246
90.70605
90.66922
90.73061
90.7605
90.74809
90.84943
90.82119
90.88476
90.85105
90.88063
90.93045
90.91738
90.92922
90.94455
90.84436
90.78945
90.82642
90.7475
90.81895
90.85543
90.83426
90.79791
90.86307
90.87644
90.80775
90.85488
90.87231
90.9042
90.89568
90.89697
90.8774
90.89314
90.82039
90.82727
90.86695
90.90754
90.9782
91.03275
91.05548
91.00485
90.96168
90.95355
90.93516
90.98408
91.05259
91.06815
91.09912
91.17074
91.24731
91.32576
91.37147
91.40572
91.39446
91.34516
91.41461
91.45051
91.43118
91.52445
91.55303
91.59412
91.58081
91.58251
91.52626
91.50747
91.53434
91.56055
91.49223
91.48803
91.47587
91.36214
91.33391
91.29728
91.23626
91.23399
91.19268
91.12878
91.15996
91.15588
91.11416
91.01344
91.00302
91.04024
91.0522
91.09438
90.98177
90.98758
90.94534
90.9355
90.95367
90.92654
