0.1176553
0.1172773
0.1182529
0.1172968
0.09917644
0.1160353
0.1200703
0.1170723
0.1187708
0.1226457
0.09748745
0.09097489
0.1059699
0.1197712
0.1248162
0.1230352
0.1234046
0.1079802
0.1269695
0.1168349
0.1180779
0.143673
0.12373
0.1142402
0.1150533
0.121379
0.1238894
0.1228073
0.113846
0.1170198
0.09933425
0.1000247
0.1063998
0.1011275
0.1135083
0.1264409
0.1169398
0.09438926
0.1139916
0.1070929
0.1174089
0.1134487
0.1056102
0.1244209
0.1041894
0.1228118
0.1226445
0.1165602
0.1171682
0.1122999
0.1134365
0.1371641
0.1254586
0.1162329
0.1013188
0.1112372
0.1127181
0.114493
0.1094608
0.1061909
0.1223156
0.1108583
0.1054434
0.09554869
0.115063
0.09537386
0.1121125
0.1094215
0.09977302
0.1036252
0.1102038
0.1149683
0.09840265
0.1136828
0.1182497
0.1074634
0.1294614
0.1119242
0.1143749
0.1083351
0.1284852
0.1051803
0.1052375
0.1115991
0.1302697
0.1119968
0.09870876
0.1035751
0.1217654
0.1003071
0.1044852
0.1172142
0.1059534
0.08641503
0.09545457
0.09316338
0.09753792
0.1204749
0.08734371
0.09889422
0.1063717
0.09367422
0.09942777
0.1150175
0.08840036
0.09876384
0.1130655
0.1041412
0.1153391
0.09818977
0.1093291
0.1162477
0.1137161
0.1008709
0.1161776
0.09582912
0.09062724
0.1034046
0.1115548
0.1147039
0.09354194
0.09292917
0.1133731
0.08695164
0.1138254
0.1060119
0.09905515
0.1001226
0.1067241
0.1212145
0.09481566
0.0939521
0.1071506
0.09090276
0.1254162
0.1266948
0.09446169
0.1066571
0.1015235
0.09215062
0.09680767
0.1059413
0.1102107
0.1032579
0.1065863
0.09946333
0.1161996
0.09737349
0.1163296
0.09354859
0.1237469
0.1088806
0.102405
0.1149901
0.09780576
0.1099443
0.1084238
0.1036037
0.1010565
0.1032508
0.1060498
0.1095451
0.1262657
0.1148099
0.122794
0.1108008
0.1200917
0.1175017
0.1295759
0.1208451
0.09770742
0.1184703
0.1141636
0.1144009
0.1247693
0.1265916
0.1257763
0.1203737
0.1181151
0.1163268
0.1231156
0.1120522
0.1326176
0.1020836
0.121248
0.1128298
0.1060497
0.124156
0.109004
0.1088488
0.1144617
0.1094837
0.1364171
0.1048232
0.1167828
0.1172602
0.1091088
0.0998455
0.1213333
0.1134127
0.1072074
0.1005204
0.115176
0.1201857
0.09163224
0.1176343
0.1141286
0.1044539
0.1046971
0.1091546
0.1286433
0.09724413
0.1062303
0.1083229
0.09917676
0.09937087
0.111996
0.1231348
0.1126595
0.08126013
0.0939516
0.09761373
0.1038239
0.09987063
0.08705603
0.09044766
0.1020555
0.08883209
0.1083689
0.1212574
0.1119288
0.1093945
0.1094561
0.1021483
0.08868638
0.1174652
0.1009847
0.08721314
0.09571529
0.0900169
0.1050684
0.1146408
0.1145451
0.1093282
0.1003464
0.09806603
0.1065794
0.09290223
0.1157757
0.1050295
0.09700883
0.1144476
0.09822789
0.0939888
0.1003145
0.1186844
0.1186066
0.1152745
0.112713
0.1115958
0.1191708
0.1018895
0.1069579
0.1031555
0.08849842
0.1059966
0.09405945
0.1146672
0.1114963
0.1123986
0.101911
0.09765913
0.118799
0.09936249
0.1027994
0.1084314
0.1022156
0.1062263
0.09770599
0.1178019
0.1522014
0.1063422
0.1024769
0.09486007
0.09705827
0.1013119
0.11178
0.1047681
0.1356575
0.1082101
0.100337
0.1039496
0.09720556
0.1089145
0.1099474
0.1022425
0.09238347
0.09178009
0.1082844
0.09113565
0.1037256
0.1016643
0.09639386
0.08924308
0.0897902
0.09651803
0.09513662
0.09021443
0.09493022
0.116136
0.1138803
0.1121448
0.08920063
0.1234782
0.123419
0.1046172
0.1149182
0.1116554
0.1226392
0.09206562
0.1074442
0.1061993
0.1268316
0.1030508
0.1078636
0.1262058
0.1229303
0.1101756
0.1094613
0.1299966
0.1262826
0.1151532
0.09876369
0.1259478
0.1330639
0.1231258
0.1107999
0.111165
0.1143336
0.09348026
0.1147576
0.08780057
0.1111922
0.1011895
0.09412065
0.09369157
0.1231249
0.09717405
0.108757
0.1077284
0.1288499
0.1097071
0.1078467
0.1091557
0.118335
0.1033998
0.1071276
0.1248676
0.1126794
0.1179439
0.1104784
0.107753
0.107981
0.09220656
0.09743252
0.08735994
0.09979803
0.1092291
0.1108816
0.09888889
0.1036754
0.1230556
0.09911464
0.1208021
0.1026838
0.1069907
0.1351935
0.1062524
0.1026515
0.100232
0.09336229
0.1087753
0.1208902
0.1215907
0.1084066
0.09970789
0.1140061
0.1107765
0.108102
0.1090815
0.1160305
0.1001816
0.1026754
0.1139847
0.09690659
0.1170695
0.1100445
0.1093343
0.1049751
0.1089232
0.09707285
0.0924333
0.09657271
0.09458715
0.0940147
0.1405963
0.1269581
0.1062415
0.09683196
0.1095098
0.105364
0.1030927
0.08890703
0.1276263
0.1208915
0.09950611
0.09116447
0.1033536
0.1022687
0.1002163
0.08895881
0.1057057
0.1075631
0.0997794
0.1112302
0.08564584
0.1088976
0.1043519
0.1035682
0.08959117
0.1139934
0.09310673
0.08944239
0.08651896
0.1166904
0.1011117
0.1106034
0.1136676
0.09617642
0.08475443
0.09193015
0.09759187
0.1037724
0.09550919
0.1162996
0.1002275
0.09816182
0.08502586
0.0955974
0.09385889
0.1014688
0.1007178
0.1000733
0.08956662
0.09029813
0.09799854
0.09094384
0.086131
0.1079664
0.1045696
0.09709167
0.1074724
0.09039882
0.07669907
0.1007205
0.08562317
0.08984665
0.1034524
0.1011146
0.08599004
0.09414189
0.1092252
0.1088089
0.0909091
0.1053413
0.09397451
0.1069014
0.122175
0.1201559
0.1033065
0.1113332
0.0838257
0.1016864
0.09923027
0.1018068
0.1037727
0.0915745
0.08713172
0.09959899
0.0909554
0.08883854
0.09494457
0.09785299
0.09642856
0.09423151
0.1037588
0.0926405
0.1008885
0.08851414
0.0962823
0.09508431
0.0937016
0.1022893
0.0905667
0.1154757
0.08789211
0.09724774
0.08853269
0.1021843
0.1038355
0.0829627
0.09428718
0.1024391
0.1115561
0.1110256
0.09447152
0.07780847
0.09635835
0.1093209
0.1071969
0.09568483
0.09441241
0.1072674
0.09610524
0.103527
0.09471015
0.09529798
0.09564106
0.1093542
0.09466981
0.1005888
0.1148334
0.1073071
0.08492005
0.09638604
0.1121272
0.09291567
0.09932659
0.1101226
0.1220672
0.1068023
0.1022702
0.09947141
0.1046517
0.1139536
0.08968185
0.10096
0.1024583
0.112921
0.09971899
0.09808047
0.09213627
0.1053364
0.09246169
0.0945531
0.1036566
0.09156964
0.1045043
0.1048852
0.09195014
0.1087661
0.1030125
0.08088418
0.09420355
0.109275
0.1067479
0.09751813
0.1052501
0.1184981
0.1102327
0.08937087
0.09263261
0.09017866
0.09974182
0.1018215
0.09312099
0.09591788
0.1200636
0.1072597
0.09947266
0.1077692
0.1168724
0.117461
0.09338788
0.09829832
0.108701
0.1119497
0.09274194
0.1009349
0.1024828
0.08555799
0.1130949
0.1104094
0.09481701
0.08969993
0.1024478
0.09585818
0.102114
0.1033249
0.08911719
0.1003054
0.1078484
0.09801832
0.1108651
0.1036594
0.1027133
0.09274122
0.09874573
0.1020915
0.1041061
0.1019245
0.09942708
0.1246831
0.1039038
0.09910252
0.1065073
0.09907913
0.09459458
0.1185658
0.09172804
0.1096072
0.1079575
0.1219002
0.1041637
0.1109231
0.1058963
0.1053128
0.09690176
0.1343094
0.1073877
0.1183232
0.1145538
0.1198748
0.09693618
0.1116788
0.1161787
0.09836752
0.1104928
0.1009222
0.1248339
0.1063718
0.122413
0.1165127
0.09894394
0.08509853
0.09189844
0.1172101
0.09441069
0.1070263
0.09789655
0.1211823
0.1119323
0.09716545
0.1025937
0.1141804
0.1116324
0.1036082
0.1006293
0.1040487
0.1184537
0.1092009
0.1059247
0.1183348
0.1178975
0.1118863
0.0920152
0.1041704
0.09085631
0.09841777
0.09173049
0.09382819
0.1023871
0.118028
0.1113649
0.09790902
0.09153937
0.0937275
0.1193741
0.1050481
0.1042412
0.09643539
0.08953322
0.1090556
0.1204006
0.0941741
0.1152148
0.09380407
0.1077602
0.113097
0.09755963
0.09813752
0.1083727
0.0913612
0.1042737
0.1011629
0.1051866
0.10576
0.1067348
0.1018756
0.09576494
0.1075276
0.1182524
0.1016662
0.1121271
0.09844365
0.09876139
0.09112951
0.1027952
0.1291485
0.1092211
0.09305018
0.1104388
0.1052435
0.1020862
0.1095598
0.09915202
0.1109097
0.1076901
0.1224389
0.100804
0.1194697
0.1012757
0.1097016
0.09856013
0.09927757
0.1237355
0.1116604
0.1009348
0.127721
0.1103773
0.1134491
0.1012334
0.1168264
0.1024126
0.09915557
0.09727682
0.104553
0.09654375
0.09283546
0.09971872
0.1187326
0.1068167
0.1036292
0.09986777
0.111681
0.1100979
0.1154912
0.1153627
0.08783535
0.1111367
0.09483305
0.09687606
0.09659049
0.096346
0.1166963
0.106223
0.1160461
0.102768
0.09308143
0.09766821
0.1110936
0.1027281
0.111068
0.1084764
0.1050375
0.09568202
0.09036706
0.1077449
0.116796
0.09900251
0.1299364
0.1232938
0.1055276
0.08072163
0.1069665
0.09390279
0.1032602
0.1061357
0.1133058
0.1188523
0.08920052
0.08454769
0.1032993
0.1178296
0.09755017
0.08445431
0.1044777
0.1032037
0.123557
0.1213905
0.09382024
0.1050459
0.1124067
0.111258
0.09999801
0.1125989
0.1091073
0.112435
0.1092957
0.09386234
0.1150644
0.1121574
0.1024653
0.1045481
0.09992745
0.1070229
0.1073714
0.1142285
0.09971985
0.1123273
0.1118669
0.1190257
0.1170766
0.1119747
0.1122007
0.1148287
0.1005813
0.1026925
0.09917828
0.1208204
0.1192503
0.1291222
0.1346642
0.1053694
0.1011493
0.097854
0.1015521
0.1016633
0.1248188
0.1089142
0.09781259
0.119857
0.1031407
0.1169042
0.1018503
0.1057367
0.1210427
0.1203305
0.1133151
0.1101605
0.1094773
0.1110564
0.130709
0.1071581
0.1159512
0.1017472
0.1161687
0.121301
0.1273478
0.1066857
0.1108519
0.1235755
0.1161637
0.111804
0.1131138
0.1205448
0.1261737
0.1096315
0.1245034
0.1165511
0.1100316
0.1005334
0.1047783
0.1203467
0.09456026
0.09257798
0.1263971
0.09788712
0.1067086
0.1082913
0.1114312
0.09571718
0.1129362
0.1129008
0.09103386
0.1146594
0.09810908
0.09833375
0.1008524
0.122901
0.09677374
0.1024173
0.1279784
0.09501886
0.1062342
0.1161157
0.09719619
0.1118352
0.1297363
0.08468315
0.1118925
0.1260687
0.09819081
0.1215726
0.1053997
0.100136
0.1018643
0.1164903
0.1007387
0.1200395
0.1285383
0.1144605
0.1069949
0.1094726
0.1186117
0.1252646
0.1140886
0.1101994
0.1084044
0.1133513
0.1055838
0.1065979
0.107787
0.1164056
0.1035076
0.1060246
0.09775539
0.109655
0.1122752
0.1032271
0.1086367
0.1116032
0.09392641
0.1076377
0.1092528
0.1002305
0.1088584
0.1119257
0.1107624
0.1111732
0.1082352
0.1204048
0.1054382
0.1016921
0.1200469
0.09609053
0.1125979
0.1028508
0.1064683
0.09935844
0.1127125
0.1246572
0.1136632
0.1091073
0.1069707
0.1045898
0.1047481
0.112633
0.1063616
0.1030021
0.1150024
0.1156282
0.11908
0.08588902
0.09846175
0.1092413
0.117217
0.1210442
0.1071576
0.1178155
0.09914967
0.1205702
0.1143883
0.1213048
0.1037009
0.1005896
0.1038358
0.1034245
0.1047544
0.0945329
0.1153242
0.1297748
0.109913
0.09913306
0.09359771
0.1251988
0.1182927
0.1159434
0.09709662
0.1026788
0.10146
0.113537
0.1020739
0.1272577
0.1001965
0.1010915
0.1228546
0.1247104
0.1236782
0.1142088
0.1110161
0.09367642
0.1070129
0.1126998
0.124445
0.126655
0.1057389
0.09021663
0.1133922
0.1195991
0.1249435
0.1239352
0.1340827
0.1052102
0.1105341
0.1251677
0.1132036
0.113911
0.1154923
0.1227768
0.1050187
0.114987
0.1226545
0.1170232
0.1113418
0.1169985
0.1195551
0.1224046
0.1109128
0.09911569
0.1134113
0.1139144
0.09871279
0.1008832
0.1161791
0.1255468
0.1005977
0.1289688
0.1122094
0.1131737
0.1074012
0.1042616
0.1009005
0.1035571
0.09744436
0.1109659
0.1042471
0.1188644
0.1065455
0.1069393
0.1028256
0.113725
0.1041006
0.1010376
0.09700945
0.09033547
0.1019253
0.0941076
0.1056522
0.1123616
0.1243403
0.1080656
0.121567
0.1138116
0.1000321
0.1009393
0.0982305
0.1077619
0.09805843
0.1122587
0.1089797
0.1073017
0.09610943
0.1030231
0.1075947
0.1061075
0.1093165
0.105571
0.1003957
0.1287219
0.1168524
0.1056383
0.106121
0.09151233
0.08468156
0.1019524
0.110716
0.1077923
0.08876574
0.1090998
0.08765505
0.09368248
0.1060625
0.1072478
0.1113689
0.09490485
0.09524837
0.1085965
0.09974133
0.107767
0.09653176
0.1184273
0.08976735
0.09636663
0.09670237
0.1005664
0.1245652
0.1015111
0.09206206
0.09575302
0.08942742
0.1226046
0.1050978
0.09613246
0.1120505
0.09942812
0.1006226
0.09437499
0.08856277
0.09702867
0.1075528
0.09584658
0.09891664
0.1292494
0.1110822
0.1069754
0.1058348
0.1004649
0.1059305
0.1047274
0.1073162
0.0977015
0.09566651
0.0979586
0.09925686
0.1039913
0.09550748
0.0964286
0.1054908
0.1241355
0.09439887
0.08893695
0.09423206
0.1134409
0.1172873
0.1036009
0.08976509
0.09993603
0.1058726
0.1137996
0.105843
0.1331206
0.1054429
0.1062066
0.1003274
0.1057539
0.1047493
0.09626744
0.1150592
0.1162359
0.09152834
0.1152386
0.1102785
0.09629667
0.10845
0.1089942
0.1120389
0.09805324
0.1100819
0.1102285
0.1091414
0.106312
0.1011742
0.09792598
0.1120679
0.1058765
0.1215127
0.1025059
0.09223015
0.1030496
0.1098706
0.1082385
0.09235655
0.1009753
0.1064888
0.1061668
0.1173121
0.1008322
0.1138305
0.1085128
0.09447659
0.09980081
0.1071575
0.09628937
0.0750217
0.08015805
0.1003906
0.08942321
0.1256079
0.1049342
0.101779
0.1147455
0.1016398
0.1001469
0.08923866
0.1147993
0.1176733
0.09620871
0.1208937
0.112972
